Soglia: 1
Tempo: 5.517996788024902
Insieme di Tset: [4024, 1998, 3478]
Lunghezza di Tset: 3

Soglia: 2
Tempo: 0.1809828281402588
Insieme di Tset: [11, 12, 15, 18, 37, 43, 74, 114, 209, 210, 215, 287, 292, 335, 397, 404, 582, 605, 631, 692, 872, 952, 1046, 1067, 1319, 1526, 1603, 1696, 1750, 1760, 1763, 1764, 1767, 1776, 1786, 1808, 1812, 1837, 1946, 2021, 2029, 2036, 2037, 2406, 2575, 2612, 2711, 2754, 3059, 3139, 3195, 3335, 3342, 3415, 3435, 3495, 3497, 3603, 3676, 3730, 3748, 3766, 3812, 3834, 3865, 3868, 3943, 3978, 3987, 4010, 4012, 4016, 4023, 4025, 4035, 42, 179, 256, 282, 1789, 2910, 3859, 4013, 4030, 2580, 4026, 2682]
Lunghezza di Tset: 87

Soglia: 3
Tempo: 0.3969993591308594
Insieme di Tset: [11, 12, 15, 18, 33, 35, 37, 42, 43, 47, 52, 70, 74, 90, 114, 138, 145, 153, 154, 160, 183, 205, 209, 210, 215, 216, 233, 234, 241, 244, 255, 256, 267, 279, 282, 286, 287, 292, 305, 316, 335, 353, 397, 404, 551, 582, 605, 631, 662, 692, 710, 719, 748, 756, 762, 812, 872, 880, 881, 916, 952, 1044, 1046, 1067, 1175, 1240, 1319, 1339, 1506, 1507, 1526, 1541, 1543, 1562, 1599, 1603, 1623, 1696, 1746, 1750, 1760, 1763, 1764, 1767, 1776, 1786, 1789, 1793, 1808, 1812, 1820, 1837, 1844, 1889, 1894, 1895, 1920, 1946, 1986, 2005, 2006, 2021, 2029, 2036, 2037, 2357, 2406, 2421, 2553, 2575, 2612, 2661, 2670, 2711, 2754, 2786, 2799, 2910, 2911, 3059, 3139, 3195, 3274, 3335, 3342, 3393, 3415, 3435, 3495, 3497, 3603, 3620, 3676, 3710, 3725, 3730, 3748, 3751, 3764, 3766, 3812, 3821, 3822, 3834, 3859, 3865, 3866, 3868, 3885, 3888, 3894, 3930, 3943, 3950, 3965, 3978, 3986, 3987, 3990, 4003, 4008, 4010, 4012, 4013, 4016, 4023, 4025, 4029, 4030, 4032, 4034, 4035, 4036, 739, 1245, 1572, 3713, 3762, 182, 157, 293, 1113, 1072, 591, 2361, 2580, 3434, 2000, 4017, 4026, 319, 259, 2040, 2663, 2682, 2031, 2879, 3687, 2727, 1518, 306, 328, 3927, 3925, 1816, 322]
Lunghezza di Tset: 206

Soglia: 4
Tempo: 0.537992000579834
Insieme di Tset: [11, 12, 15, 18, 33, 35, 37, 42, 43, 47, 52, 61, 70, 71, 74, 76, 81, 90, 97, 112, 114, 138, 145, 153, 154, 155, 157, 160, 164, 179, 182, 183, 191, 205, 207, 209, 210, 215, 216, 228, 233, 234, 240, 241, 244, 247, 253, 255, 256, 267, 279, 282, 286, 287, 292, 293, 294, 301, 305, 316, 321, 335, 336, 353, 385, 390, 397, 404, 513, 520, 532, 551, 557, 582, 605, 631, 662, 692, 694, 710, 719, 738, 739, 748, 756, 762, 812, 839, 848, 872, 880, 881, 916, 952, 1032, 1044, 1046, 1067, 1072, 1113, 1175, 1178, 1240, 1245, 1319, 1339, 1506, 1507, 1524, 1526, 1541, 1543, 1547, 1550, 1562, 1572, 1599, 1603, 1604, 1610, 1623, 1650, 1696, 1714, 1717, 1746, 1750, 1760, 1763, 1764, 1767, 1776, 1786, 1789, 1793, 1801, 1807, 1808, 1812, 1820, 1837, 1844, 1888, 1889, 1894, 1895, 1920, 1930, 1946, 1986, 1999, 2005, 2006, 2021, 2029, 2036, 2037, 2271, 2291, 2299, 2357, 2361, 2367, 2377, 2406, 2421, 2424, 2481, 2509, 2528, 2549, 2553, 2575, 2580, 2612, 2661, 2670, 2711, 2754, 2786, 2799, 2882, 2910, 2911, 2913, 3059, 3123, 3129, 3139, 3195, 3272, 3274, 3323, 3335, 3342, 3350, 3352, 3393, 3415, 3434, 3435, 3495, 3497, 3509, 3594, 3603, 3608, 3614, 3620, 3627, 3676, 3710, 3711, 3713, 3720, 3725, 3730, 3738, 3748, 3751, 3752, 3762, 3764, 3766, 3812, 3815, 3821, 3822, 3825, 3830, 3834, 3859, 3865, 3866, 3868, 3885, 3888, 3894, 3930, 3936, 3943, 3950, 3961, 3965, 3978, 3986, 3987, 3990, 3993, 3994, 4003, 4007, 4008, 4010, 4012, 4013, 4016, 4023, 4025, 4029, 4030, 4032, 4033, 4034, 4035, 4036, 356, 591, 1715, 2014, 3412, 3318, 202, 1698, 3862, 262, 1997, 2000, 1977, 2038, 3953, 4009, 4017, 4026, 1261, 110, 259, 264, 219, 319, 2027, 2040, 2615, 2663, 2682, 2033, 2031, 2631, 1517, 2709, 2879, 3585, 3687, 4018, 3919, 2864, 275, 306, 328, 3906, 3927, 3920, 3925, 2837, 3880, 1813, 1816, 1973, 1975, 322]
Lunghezza di Tset: 320

Soglia: 5
Tempo: 0.4819676876068115
Insieme di Tset: [11, 12, 15, 18, 33, 35, 37, 42, 43, 47, 49, 52, 61, 70, 71, 74, 76, 81, 90, 97, 112, 114, 120, 124, 125, 138, 145, 153, 154, 155, 157, 160, 164, 166, 174, 179, 182, 183, 190, 191, 201, 202, 205, 206, 207, 209, 210, 215, 216, 220, 228, 233, 234, 240, 241, 244, 247, 253, 255, 256, 262, 267, 270, 279, 282, 286, 287, 288, 289, 292, 293, 294, 301, 305, 307, 316, 321, 327, 335, 336, 353, 354, 355, 356, 385, 390, 397, 404, 431, 482, 488, 508, 513, 517, 520, 532, 551, 557, 582, 591, 605, 631, 662, 680, 686, 692, 694, 710, 719, 738, 739, 748, 756, 762, 812, 839, 848, 869, 872, 880, 881, 916, 952, 960, 996, 1032, 1044, 1046, 1067, 1072, 1113, 1137, 1175, 1178, 1198, 1240, 1245, 1247, 1319, 1339, 1341, 1506, 1507, 1524, 1526, 1541, 1543, 1547, 1548, 1550, 1562, 1567, 1572, 1599, 1603, 1604, 1610, 1622, 1623, 1650, 1678, 1696, 1698, 1714, 1715, 1717, 1731, 1732, 1746, 1750, 1760, 1763, 1764, 1767, 1776, 1786, 1789, 1793, 1801, 1807, 1808, 1812, 1820, 1829, 1837, 1844, 1862, 1888, 1889, 1894, 1895, 1902, 1920, 1930, 1933, 1935, 1946, 1977, 1986, 1996, 1997, 1999, 2000, 2005, 2006, 2011, 2014, 2021, 2023, 2029, 2030, 2036, 2037, 2038, 2039, 2116, 2271, 2291, 2299, 2357, 2361, 2367, 2377, 2406, 2419, 2421, 2424, 2481, 2509, 2519, 2528, 2549, 2553, 2575, 2580, 2612, 2657, 2661, 2670, 2678, 2711, 2754, 2786, 2799, 2882, 2910, 2911, 2913, 2961, 2982, 3003, 3059, 3082, 3123, 3129, 3139, 3144, 3195, 3272, 3274, 3322, 3323, 3335, 3342, 3350, 3352, 3383, 3393, 3412, 3415, 3434, 3435, 3495, 3497, 3509, 3535, 3574, 3594, 3598, 3603, 3608, 3614, 3619, 3620, 3627, 3648, 3676, 3678, 3698, 3708, 3710, 3711, 3713, 3720, 3725, 3730, 3738, 3748, 3751, 3752, 3762, 3764, 3766, 3781, 3796, 3812, 3815, 3821, 3822, 3825, 3830, 3834, 3859, 3865, 3866, 3868, 3876, 3885, 3888, 3891, 3894, 3905, 3918, 3930, 3936, 3943, 3947, 3950, 3953, 3958, 3959, 3960, 3961, 3965, 3969, 3978, 3982, 3986, 3987, 3990, 3992, 3993, 3994, 3998, 4001, 4003, 4007, 4008, 4009, 4010, 4012, 4013, 4016, 4017, 4023, 4025, 4026, 4029, 4030, 4032, 4033, 4034, 4035, 4036, 4037, 781, 1143, 1261, 1093, 3760, 3862, 3700, 264, 91, 259, 2027, 2040, 2017, 2598, 2615, 2663, 2682, 3763, 3931, 2390, 2631, 3453, 3232, 147, 319, 2033, 2031, 3356, 3586, 3875, 3919, 3664, 227, 1515, 1517, 2708, 2709, 2879, 3652, 3874, 4031, 4018, 2743, 2864, 273, 275, 306, 328, 3892, 3906, 3927, 3900, 3920, 3925, 2831, 2837, 1809, 1813, 1816, 1945, 1973]
Lunghezza di Tset: 426

Soglia: 6
Tempo: 0.886967658996582
Insieme di Tset: [11, 12, 15, 18, 27, 33, 34, 35, 37, 42, 43, 46, 47, 49, 52, 61, 70, 71, 74, 76, 81, 90, 97, 110, 112, 114, 120, 124, 125, 138, 145, 152, 153, 154, 155, 157, 160, 164, 166, 174, 179, 182, 183, 190, 191, 192, 193, 201, 202, 205, 206, 207, 209, 210, 215, 216, 220, 228, 233, 234, 235, 240, 241, 244, 245, 247, 250, 253, 255, 256, 262, 264, 267, 270, 279, 282, 283, 286, 287, 288, 289, 292, 293, 294, 301, 305, 307, 316, 321, 327, 335, 336, 353, 354, 355, 356, 358, 380, 385, 390, 396, 397, 404, 415, 431, 482, 488, 508, 513, 517, 520, 524, 532, 543, 551, 557, 582, 591, 605, 631, 633, 643, 662, 680, 686, 692, 694, 710, 719, 738, 739, 748, 750, 756, 762, 781, 812, 832, 839, 840, 848, 869, 872, 880, 881, 903, 916, 928, 941, 952, 960, 962, 972, 996, 1032, 1044, 1046, 1065, 1067, 1072, 1093, 1113, 1137, 1143, 1175, 1178, 1196, 1198, 1240, 1245, 1247, 1261, 1262, 1282, 1319, 1339, 1341, 1506, 1507, 1509, 1511, 1519, 1524, 1526, 1536, 1541, 1543, 1547, 1548, 1550, 1562, 1567, 1572, 1599, 1603, 1604, 1609, 1610, 1622, 1623, 1627, 1636, 1650, 1678, 1696, 1698, 1708, 1714, 1715, 1717, 1730, 1731, 1732, 1738, 1746, 1750, 1760, 1763, 1764, 1767, 1776, 1786, 1789, 1793, 1801, 1807, 1808, 1810, 1812, 1820, 1829, 1837, 1844, 1849, 1862, 1866, 1880, 1888, 1889, 1894, 1895, 1902, 1920, 1930, 1933, 1935, 1946, 1947, 1977, 1986, 1996, 1997, 1999, 2000, 2004, 2005, 2006, 2010, 2011, 2012, 2014, 2021, 2023, 2029, 2030, 2036, 2037, 2038, 2039, 2116, 2271, 2272, 2291, 2299, 2310, 2357, 2361, 2367, 2377, 2384, 2406, 2419, 2421, 2424, 2481, 2509, 2519, 2528, 2531, 2549, 2553, 2575, 2580, 2601, 2612, 2657, 2661, 2670, 2678, 2682, 2711, 2751, 2754, 2786, 2789, 2799, 2818, 2823, 2882, 2910, 2911, 2913, 2928, 2961, 2982, 3003, 3014, 3059, 3082, 3122, 3123, 3129, 3139, 3144, 3158, 3166, 3195, 3272, 3274, 3304, 3313, 3318, 3322, 3323, 3335, 3342, 3350, 3352, 3368, 3383, 3393, 3412, 3415, 3434, 3435, 3465, 3488, 3495, 3497, 3509, 3530, 3535, 3574, 3580, 3594, 3598, 3603, 3608, 3614, 3619, 3620, 3627, 3636, 3648, 3663, 3676, 3678, 3698, 3700, 3701, 3708, 3710, 3711, 3713, 3715, 3720, 3725, 3730, 3738, 3748, 3751, 3752, 3760, 3762, 3764, 3766, 3781, 3796, 3802, 3810, 3812, 3815, 3819, 3821, 3822, 3825, 3830, 3834, 3852, 3857, 3859, 3862, 3865, 3866, 3868, 3876, 3885, 3888, 3891, 3894, 3895, 3898, 3905, 3918, 3930, 3933, 3936, 3943, 3947, 3950, 3953, 3958, 3959, 3960, 3961, 3965, 3969, 3978, 3982, 3986, 3987, 3990, 3992, 3993, 3994, 3998, 4001, 4003, 4005, 4007, 4008, 4009, 4010, 4012, 4013, 4016, 4017, 4023, 4025, 4026, 4029, 4030, 4032, 4033, 4034, 4035, 4036, 4037, 4014, 2017, 2027, 2040, 2298, 2390, 2631, 2598, 2615, 2663, 117, 6, 147, 319, 2587, 3384, 3763, 3767, 3820, 296, 2020, 2033, 2031, 3995, 237, 100, 3586, 3356, 3215, 3827, 3875, 3919, 1515, 1517, 2667, 2708, 2709, 2879, 3585, 3874, 3687, 3673, 4011, 4031, 227, 2924, 2743, 2864, 2727, 1995, 306, 328, 181, 275, 1374, 2035, 312, 2548, 3884, 3900, 3920, 3925, 3716, 3892, 3906, 3927, 3941, 3971, 3850, 2922, 2822, 2837, 3840, 3880, 1803, 1809, 1813, 1816, 1945, 3634, 1380, 2704]
Lunghezza di Tset: 540

Soglia: 7
Tempo: 2.2279975414276123
Insieme di Tset: [6, 11, 12, 15, 18, 27, 32, 33, 34, 35, 37, 42, 43, 44, 46, 47, 49, 52, 61, 63, 70, 71, 74, 76, 77, 81, 86, 90, 95, 97, 102, 110, 112, 114, 117, 120, 124, 125, 138, 145, 147, 152, 153, 154, 155, 157, 160, 163, 164, 166, 174, 179, 182, 183, 190, 191, 192, 193, 201, 202, 205, 206, 207, 209, 210, 215, 216, 219, 220, 228, 229, 233, 234, 235, 240, 241, 244, 245, 247, 250, 253, 255, 256, 262, 264, 267, 269, 270, 279, 282, 283, 286, 287, 288, 289, 292, 293, 294, 301, 305, 307, 316, 321, 327, 335, 336, 340, 353, 354, 355, 356, 358, 380, 385, 390, 396, 397, 404, 415, 431, 473, 482, 488, 508, 513, 517, 520, 524, 532, 543, 551, 557, 582, 591, 605, 619, 631, 633, 637, 643, 654, 662, 680, 686, 692, 694, 710, 719, 738, 739, 740, 748, 749, 750, 756, 762, 781, 783, 787, 812, 832, 839, 840, 848, 869, 872, 880, 881, 903, 916, 928, 941, 952, 960, 962, 972, 984, 996, 1007, 1032, 1044, 1046, 1065, 1067, 1072, 1093, 1113, 1137, 1143, 1150, 1175, 1178, 1196, 1198, 1240, 1244, 1245, 1247, 1261, 1262, 1277, 1282, 1319, 1323, 1339, 1340, 1341, 1375, 1506, 1507, 1509, 1511, 1516, 1519, 1524, 1526, 1531, 1536, 1541, 1543, 1547, 1548, 1550, 1553, 1562, 1567, 1572, 1599, 1603, 1604, 1609, 1610, 1622, 1623, 1627, 1636, 1649, 1650, 1678, 1681, 1696, 1698, 1708, 1714, 1715, 1717, 1730, 1731, 1732, 1738, 1746, 1750, 1760, 1763, 1764, 1767, 1776, 1786, 1789, 1793, 1797, 1801, 1807, 1808, 1810, 1812, 1820, 1828, 1829, 1836, 1837, 1844, 1849, 1862, 1866, 1880, 1888, 1889, 1894, 1895, 1902, 1920, 1930, 1933, 1935, 1946, 1947, 1970, 1977, 1986, 1991, 1996, 1997, 1999, 2000, 2004, 2005, 2006, 2010, 2011, 2012, 2014, 2019, 2021, 2023, 2025, 2029, 2030, 2033, 2036, 2037, 2038, 2039, 2040, 2116, 2253, 2271, 2272, 2291, 2298, 2299, 2310, 2337, 2344, 2345, 2357, 2361, 2367, 2377, 2384, 2390, 2406, 2419, 2421, 2424, 2446, 2459, 2481, 2509, 2519, 2528, 2531, 2549, 2553, 2575, 2580, 2587, 2598, 2601, 2612, 2615, 2631, 2657, 2661, 2663, 2670, 2678, 2682, 2696, 2705, 2711, 2742, 2751, 2754, 2786, 2788, 2789, 2799, 2818, 2823, 2877, 2882, 2910, 2911, 2913, 2928, 2931, 2950, 2961, 2982, 3003, 3014, 3059, 3078, 3082, 3122, 3123, 3129, 3139, 3144, 3158, 3166, 3195, 3255, 3269, 3272, 3274, 3278, 3304, 3313, 3318, 3322, 3323, 3335, 3342, 3350, 3352, 3361, 3368, 3374, 3383, 3393, 3412, 3415, 3425, 3434, 3435, 3453, 3465, 3485, 3488, 3491, 3495, 3497, 3499, 3509, 3519, 3530, 3535, 3552, 3574, 3580, 3594, 3598, 3603, 3608, 3614, 3619, 3620, 3627, 3636, 3648, 3659, 3663, 3676, 3678, 3685, 3686, 3690, 3698, 3700, 3701, 3708, 3710, 3711, 3713, 3715, 3720, 3725, 3730, 3738, 3743, 3746, 3748, 3751, 3752, 3760, 3762, 3763, 3764, 3766, 3767, 3768, 3781, 3796, 3802, 3810, 3812, 3815, 3819, 3820, 3821, 3822, 3825, 3830, 3834, 3852, 3857, 3859, 3861, 3862, 3865, 3866, 3868, 3871, 3876, 3885, 3888, 3891, 3894, 3895, 3898, 3901, 3905, 3918, 3930, 3933, 3936, 3943, 3944, 3947, 3950, 3953, 3958, 3959, 3960, 3961, 3965, 3967, 3969, 3974, 3978, 3981, 3982, 3986, 3987, 3988, 3990, 3992, 3993, 3994, 3995, 3998, 4001, 4003, 4005, 4007, 4008, 4009, 4010, 4012, 4013, 4014, 4016, 4017, 4023, 4025, 4026, 4029, 4030, 4032, 4033, 4034, 4035, 4036, 4037, 1038, 2017, 2027, 3163, 3384, 83, 237, 189, 2020, 2031, 3232, 3031, 4004, 259, 337, 296, 3543, 3586, 3599, 3475, 3179, 3721, 3827, 3875, 3919, 143, 2975, 3356, 347, 1515, 1517, 1518, 1941, 2015, 2489, 2667, 2708, 2709, 2879, 2894, 2834, 3940, 3989, 4011, 4031, 3531, 3652, 2743, 2864, 2727, 2926, 2924, 529, 2034, 2035, 1984, 1995, 273, 306, 328, 181, 275, 442, 985, 2548, 115, 3884, 3900, 3920, 3925, 3675, 3716, 3892, 3906, 3927, 3792, 3941, 3557, 3850, 2516, 2822, 2827, 2831, 242, 3932, 3840, 3880, 3742, 1802, 1803, 1809, 1813, 1816, 1945, 1973, 2083, 3634, 322, 1380, 1034, 2236, 2871, 2925, 2326, 2346, 2756, 3457, 2167, 3315]
Lunghezza di Tset: 665

Soglia: 8
Tempo: 1.4599742889404297
Insieme di Tset: [6, 11, 12, 15, 18, 27, 32, 33, 34, 35, 37, 42, 43, 44, 46, 47, 49, 51, 52, 61, 63, 64, 70, 71, 74, 76, 77, 81, 83, 86, 90, 95, 97, 102, 110, 112, 114, 117, 120, 124, 125, 126, 129, 131, 138, 145, 147, 151, 152, 153, 154, 155, 157, 160, 163, 164, 166, 167, 174, 179, 182, 183, 189, 190, 191, 192, 193, 201, 202, 205, 206, 207, 208, 209, 210, 215, 216, 219, 220, 228, 229, 233, 234, 235, 237, 240, 241, 244, 245, 247, 250, 253, 255, 256, 262, 263, 264, 267, 269, 270, 279, 282, 283, 286, 287, 288, 289, 292, 293, 294, 296, 300, 301, 305, 307, 311, 316, 317, 321, 327, 335, 336, 338, 340, 347, 353, 354, 355, 356, 358, 380, 385, 390, 396, 397, 404, 415, 421, 423, 431, 471, 473, 482, 488, 508, 513, 517, 520, 524, 532, 543, 544, 551, 557, 573, 582, 591, 605, 619, 631, 633, 637, 643, 654, 662, 680, 686, 692, 694, 710, 719, 726, 738, 739, 740, 748, 749, 750, 756, 762, 781, 783, 787, 812, 832, 839, 840, 848, 858, 869, 872, 880, 881, 903, 916, 928, 941, 952, 960, 962, 972, 984, 996, 1007, 1032, 1038, 1044, 1046, 1065, 1067, 1072, 1093, 1113, 1137, 1140, 1143, 1150, 1175, 1178, 1186, 1196, 1198, 1240, 1244, 1245, 1247, 1261, 1262, 1277, 1282, 1319, 1323, 1339, 1340, 1341, 1375, 1506, 1507, 1509, 1510, 1511, 1513, 1516, 1519, 1524, 1526, 1531, 1536, 1541, 1543, 1547, 1548, 1550, 1553, 1562, 1567, 1572, 1599, 1603, 1604, 1609, 1610, 1622, 1623, 1627, 1633, 1636, 1649, 1650, 1678, 1681, 1696, 1698, 1708, 1714, 1715, 1717, 1729, 1730, 1731, 1732, 1738, 1746, 1750, 1760, 1763, 1764, 1767, 1773, 1776, 1786, 1789, 1793, 1797, 1798, 1801, 1807, 1808, 1810, 1812, 1815, 1820, 1826, 1828, 1829, 1836, 1837, 1844, 1845, 1849, 1862, 1866, 1880, 1888, 1889, 1894, 1895, 1902, 1920, 1930, 1933, 1935, 1936, 1941, 1943, 1946, 1947, 1970, 1977, 1986, 1991, 1996, 1997, 1999, 2000, 2002, 2004, 2005, 2006, 2010, 2011, 2012, 2014, 2015, 2016, 2017, 2018, 2019, 2020, 2021, 2023, 2025, 2027, 2029, 2030, 2033, 2036, 2037, 2038, 2039, 2040, 2097, 2116, 2181, 2253, 2271, 2272, 2291, 2298, 2299, 2310, 2337, 2344, 2345, 2357, 2361, 2367, 2377, 2380, 2384, 2390, 2406, 2419, 2421, 2424, 2446, 2459, 2462, 2481, 2509, 2519, 2528, 2531, 2549, 2553, 2575, 2580, 2587, 2598, 2601, 2612, 2615, 2631, 2634, 2657, 2661, 2663, 2670, 2678, 2682, 2694, 2696, 2705, 2711, 2741, 2742, 2751, 2754, 2786, 2788, 2789, 2799, 2818, 2823, 2830, 2835, 2843, 2846, 2877, 2879, 2882, 2894, 2910, 2911, 2913, 2923, 2928, 2931, 2935, 2950, 2961, 2975, 2982, 2985, 3003, 3009, 3014, 3016, 3059, 3072, 3078, 3082, 3122, 3123, 3129, 3139, 3144, 3158, 3163, 3166, 3179, 3186, 3193, 3195, 3232, 3255, 3269, 3272, 3274, 3278, 3304, 3313, 3318, 3322, 3323, 3335, 3342, 3350, 3352, 3361, 3368, 3374, 3383, 3384, 3393, 3412, 3415, 3425, 3434, 3435, 3453, 3463, 3465, 3475, 3485, 3488, 3489, 3491, 3495, 3497, 3499, 3509, 3519, 3530, 3535, 3552, 3574, 3580, 3587, 3594, 3598, 3603, 3608, 3614, 3619, 3620, 3627, 3630, 3636, 3648, 3659, 3663, 3676, 3677, 3678, 3685, 3686, 3690, 3694, 3698, 3700, 3701, 3708, 3710, 3711, 3713, 3715, 3720, 3721, 3725, 3730, 3737, 3738, 3743, 3746, 3748, 3751, 3752, 3760, 3762, 3763, 3764, 3766, 3767, 3768, 3781, 3787, 3796, 3802, 3810, 3812, 3815, 3819, 3820, 3821, 3822, 3825, 3826, 3827, 3830, 3834, 3847, 3852, 3857, 3859, 3861, 3862, 3865, 3866, 3868, 3871, 3875, 3876, 3885, 3888, 3891, 3894, 3895, 3898, 3901, 3905, 3907, 3912, 3916, 3918, 3919, 3924, 3930, 3931, 3933, 3936, 3943, 3944, 3947, 3949, 3950, 3953, 3958, 3959, 3960, 3961, 3965, 3967, 3969, 3974, 3978, 3981, 3982, 3986, 3987, 3988, 3990, 3991, 3992, 3993, 3994, 3995, 3998, 4001, 4003, 4004, 4005, 4007, 4008, 4009, 4010, 4012, 4013, 4014, 4016, 4017, 4019, 4023, 4025, 4026, 4028, 4029, 4030, 4032, 4033, 4034, 4035, 4036, 4037, 319, 1216, 1682, 3026, 91, 259, 2031, 3334, 2174, 3356, 4006, 337, 1515, 1517, 1518, 3543, 3567, 3599, 2489, 2667, 2708, 2709, 3940, 4027, 3989, 4020, 2834, 2623, 2903, 3617, 333, 1847, 2032, 2743, 2864, 2727, 2642, 2906, 2926, 2924, 1961, 3874, 3582, 3560, 218, 273, 306, 328, 181, 275, 889, 442, 985, 1273, 529, 1958, 1984, 2007, 2024, 2494, 284, 116, 115, 3642, 3675, 3716, 3892, 3906, 3927, 3925, 3761, 3833, 3879, 3371, 3540, 3792, 3941, 2922, 2516, 2822, 2827, 2831, 3790, 3963, 242, 3809, 3836, 3932, 3880, 3621, 1800, 1802, 1803, 1809, 1813, 1816, 1945, 1973, 1322, 1380, 1034, 2083, 3634, 2902, 2785, 2871, 2925, 2346, 2722, 2756]
Lunghezza di Tset: 764

Soglia: 9
Tempo: 1.5779592990875244
Insieme di Tset: [6, 8, 11, 12, 15, 18, 27, 32, 33, 34, 35, 37, 42, 43, 44, 46, 47, 49, 51, 52, 54, 60, 61, 63, 64, 70, 71, 74, 76, 77, 81, 83, 86, 89, 90, 91, 93, 95, 97, 102, 106, 110, 112, 114, 117, 120, 124, 125, 126, 129, 131, 138, 145, 147, 151, 152, 153, 154, 155, 157, 160, 162, 163, 164, 166, 167, 174, 179, 182, 183, 189, 190, 191, 192, 193, 201, 202, 205, 206, 207, 208, 209, 210, 215, 216, 217, 219, 220, 221, 228, 229, 233, 234, 235, 237, 240, 241, 243, 244, 245, 247, 250, 253, 255, 256, 259, 260, 262, 263, 264, 267, 269, 270, 279, 282, 283, 286, 287, 288, 289, 292, 293, 294, 296, 300, 301, 305, 307, 311, 316, 317, 319, 321, 327, 333, 335, 336, 338, 340, 347, 353, 354, 355, 356, 358, 380, 385, 390, 396, 397, 404, 409, 415, 421, 423, 431, 471, 473, 482, 488, 494, 508, 513, 517, 520, 524, 532, 539, 543, 544, 551, 557, 573, 582, 589, 591, 605, 619, 631, 633, 637, 643, 648, 654, 662, 680, 686, 689, 692, 694, 710, 719, 726, 734, 738, 739, 740, 748, 749, 750, 756, 762, 781, 783, 787, 812, 832, 839, 840, 848, 858, 869, 872, 880, 881, 900, 903, 916, 928, 941, 947, 952, 960, 962, 972, 984, 992, 996, 1007, 1032, 1038, 1044, 1046, 1065, 1067, 1072, 1093, 1113, 1126, 1137, 1140, 1143, 1150, 1175, 1178, 1182, 1186, 1196, 1198, 1216, 1240, 1244, 1245, 1247, 1260, 1261, 1262, 1277, 1282, 1319, 1323, 1339, 1340, 1341, 1350, 1375, 1506, 1507, 1509, 1510, 1511, 1513, 1514, 1515, 1516, 1517, 1519, 1524, 1526, 1531, 1536, 1541, 1543, 1547, 1548, 1549, 1550, 1553, 1562, 1567, 1572, 1599, 1603, 1604, 1609, 1610, 1622, 1623, 1627, 1631, 1633, 1636, 1649, 1650, 1678, 1681, 1682, 1687, 1696, 1698, 1708, 1714, 1715, 1717, 1729, 1730, 1731, 1732, 1738, 1746, 1750, 1754, 1760, 1763, 1764, 1767, 1773, 1776, 1786, 1789, 1793, 1797, 1798, 1801, 1807, 1808, 1810, 1811, 1812, 1815, 1820, 1824, 1826, 1828, 1829, 1834, 1836, 1837, 1844, 1845, 1847, 1849, 1855, 1862, 1866, 1870, 1878, 1880, 1885, 1888, 1889, 1894, 1895, 1902, 1906, 1912, 1920, 1930, 1933, 1935, 1936, 1941, 1943, 1946, 1947, 1957, 1970, 1977, 1986, 1991, 1996, 1997, 1999, 2000, 2002, 2004, 2005, 2006, 2010, 2011, 2012, 2013, 2014, 2015, 2016, 2017, 2018, 2019, 2020, 2021, 2023, 2025, 2026, 2027, 2028, 2029, 2030, 2032, 2033, 2036, 2037, 2038, 2039, 2040, 2045, 2097, 2116, 2174, 2181, 2233, 2253, 2271, 2272, 2291, 2298, 2299, 2307, 2310, 2337, 2344, 2345, 2357, 2361, 2367, 2368, 2374, 2377, 2380, 2384, 2390, 2406, 2419, 2421, 2424, 2446, 2453, 2458, 2459, 2462, 2481, 2489, 2509, 2519, 2528, 2531, 2549, 2553, 2574, 2575, 2580, 2587, 2588, 2598, 2601, 2612, 2615, 2631, 2634, 2657, 2661, 2662, 2663, 2667, 2670, 2678, 2682, 2694, 2696, 2705, 2708, 2709, 2711, 2724, 2741, 2742, 2751, 2754, 2758, 2784, 2786, 2788, 2789, 2799, 2818, 2823, 2830, 2834, 2835, 2843, 2846, 2877, 2879, 2882, 2883, 2894, 2903, 2906, 2910, 2911, 2913, 2923, 2927, 2928, 2931, 2935, 2950, 2961, 2967, 2971, 2975, 2982, 2985, 3003, 3009, 3014, 3016, 3026, 3031, 3059, 3072, 3078, 3082, 3122, 3123, 3127, 3129, 3132, 3139, 3144, 3158, 3163, 3166, 3179, 3186, 3193, 3195, 3232, 3255, 3269, 3272, 3274, 3278, 3303, 3304, 3313, 3318, 3322, 3323, 3334, 3335, 3342, 3350, 3352, 3361, 3368, 3374, 3383, 3384, 3393, 3396, 3412, 3415, 3425, 3434, 3435, 3453, 3463, 3465, 3475, 3485, 3488, 3489, 3491, 3495, 3497, 3499, 3503, 3509, 3519, 3530, 3535, 3541, 3543, 3552, 3567, 3574, 3580, 3584, 3587, 3594, 3598, 3603, 3605, 3608, 3614, 3617, 3619, 3620, 3627, 3630, 3636, 3637, 3648, 3659, 3663, 3673, 3676, 3677, 3678, 3685, 3686, 3690, 3694, 3698, 3700, 3701, 3708, 3710, 3711, 3713, 3715, 3720, 3721, 3725, 3730, 3733, 3737, 3738, 3743, 3746, 3748, 3751, 3752, 3760, 3762, 3763, 3764, 3766, 3767, 3768, 3771, 3772, 3781, 3787, 3788, 3796, 3802, 3804, 3810, 3812, 3815, 3819, 3820, 3821, 3822, 3825, 3826, 3827, 3828, 3830, 3834, 3841, 3847, 3852, 3856, 3857, 3859, 3861, 3862, 3865, 3866, 3868, 3871, 3875, 3876, 3882, 3885, 3888, 3891, 3894, 3895, 3898, 3901, 3905, 3907, 3909, 3912, 3913, 3916, 3918, 3919, 3922, 3924, 3930, 3931, 3933, 3936, 3940, 3943, 3944, 3947, 3949, 3950, 3953, 3958, 3959, 3960, 3961, 3965, 3967, 3969, 3974, 3977, 3978, 3981, 3982, 3984, 3986, 3987, 3988, 3990, 3991, 3992, 3993, 3994, 3995, 3998, 4001, 4003, 4004, 4005, 4007, 4008, 4009, 4010, 4012, 4013, 4014, 4016, 4017, 4019, 4020, 4021, 4023, 4025, 4026, 4028, 4029, 4030, 4032, 4033, 4034, 4035, 4036, 4037, 931, 873, 1117, 1518, 2031, 1677, 3356, 3599, 3997, 3902, 3989, 4018, 4027, 4015, 278, 2926, 2924, 2359, 2623, 1961, 2743, 2864, 2676, 2727, 3372, 3582, 3585, 3964, 195, 218, 273, 306, 328, 181, 275, 502, 889, 442, 529, 854, 1273, 516, 2007, 2022, 1963, 2494, 281, 284, 326, 144, 1666, 3595, 3642, 3675, 3716, 3892, 3927, 3833, 3879, 3925, 3761, 3359, 3371, 3792, 3968, 3823, 3850, 3790, 3963, 2889, 2922, 2516, 2822, 2827, 204, 242, 3727, 3735, 3836, 3880, 3621, 3498, 3258, 1799, 1800, 1802, 1803, 1809, 1813, 1816, 1945, 1950, 1218, 1322, 1380, 1034, 2053, 2059, 2578, 2592, 2797, 2871, 2925, 2326, 2346, 2619, 2722, 2756]
Lunghezza di Tset: 873

Soglia: 10
Tempo: 1.1699628829956055
Insieme di Tset: [6, 8, 11, 12, 15, 16, 18, 27, 32, 33, 34, 35, 37, 38, 42, 43, 44, 46, 47, 49, 51, 52, 54, 60, 61, 63, 64, 68, 70, 71, 74, 76, 77, 78, 81, 83, 86, 89, 90, 91, 93, 95, 96, 97, 100, 102, 106, 110, 112, 114, 117, 120, 124, 125, 126, 129, 131, 138, 139, 145, 147, 151, 152, 153, 154, 155, 157, 160, 162, 163, 164, 166, 167, 174, 179, 182, 183, 189, 190, 191, 192, 193, 195, 201, 202, 205, 206, 207, 208, 209, 210, 215, 216, 217, 218, 219, 220, 221, 228, 229, 230, 233, 234, 235, 237, 240, 241, 243, 244, 245, 247, 250, 253, 255, 256, 259, 260, 262, 263, 264, 267, 269, 270, 273, 279, 282, 283, 286, 287, 288, 289, 292, 293, 294, 296, 300, 301, 305, 306, 307, 311, 316, 317, 319, 321, 327, 328, 333, 335, 336, 337, 338, 340, 344, 347, 353, 354, 355, 356, 358, 380, 385, 390, 396, 397, 398, 404, 409, 414, 415, 421, 423, 431, 471, 473, 482, 484, 488, 494, 502, 508, 509, 513, 517, 520, 524, 532, 539, 543, 544, 551, 557, 573, 579, 582, 589, 591, 597, 605, 619, 626, 631, 633, 637, 640, 643, 648, 654, 662, 679, 680, 686, 688, 689, 692, 694, 706, 710, 719, 725, 726, 734, 738, 739, 740, 748, 749, 750, 756, 762, 781, 783, 787, 812, 832, 839, 840, 848, 858, 869, 872, 873, 880, 881, 889, 900, 903, 916, 928, 929, 931, 941, 947, 952, 960, 962, 963, 972, 976, 984, 992, 996, 1007, 1032, 1038, 1044, 1046, 1065, 1067, 1072, 1093, 1113, 1117, 1126, 1137, 1140, 1143, 1150, 1175, 1178, 1182, 1186, 1196, 1198, 1216, 1240, 1244, 1245, 1247, 1260, 1261, 1262, 1277, 1282, 1319, 1323, 1339, 1340, 1341, 1350, 1375, 1381, 1506, 1507, 1508, 1509, 1510, 1511, 1512, 1513, 1514, 1515, 1516, 1517, 1518, 1519, 1524, 1526, 1531, 1536, 1541, 1543, 1547, 1548, 1549, 1550, 1553, 1562, 1567, 1572, 1599, 1603, 1604, 1609, 1610, 1621, 1622, 1623, 1627, 1631, 1633, 1636, 1649, 1650, 1677, 1678, 1681, 1682, 1687, 1696, 1698, 1708, 1714, 1715, 1717, 1729, 1730, 1731, 1732, 1738, 1746, 1750, 1754, 1760, 1763, 1764, 1767, 1773, 1776, 1786, 1789, 1793, 1797, 1798, 1801, 1804, 1807, 1808, 1810, 1811, 1812, 1815, 1820, 1824, 1826, 1828, 1829, 1834, 1835, 1836, 1837, 1844, 1845, 1847, 1849, 1855, 1862, 1866, 1870, 1878, 1880, 1885, 1888, 1889, 1891, 1894, 1895, 1902, 1906, 1912, 1920, 1921, 1930, 1931, 1933, 1935, 1936, 1941, 1943, 1946, 1947, 1953, 1956, 1957, 1961, 1966, 1970, 1977, 1986, 1991, 1996, 1997, 1999, 2000, 2002, 2004, 2005, 2006, 2010, 2011, 2012, 2013, 2014, 2015, 2016, 2017, 2018, 2019, 2020, 2021, 2023, 2025, 2026, 2027, 2028, 2029, 2030, 2031, 2032, 2033, 2034, 2036, 2037, 2038, 2039, 2040, 2045, 2060, 2097, 2116, 2174, 2181, 2233, 2253, 2271, 2272, 2291, 2298, 2299, 2307, 2310, 2337, 2344, 2345, 2357, 2359, 2361, 2367, 2368, 2373, 2374, 2377, 2380, 2384, 2390, 2399, 2406, 2419, 2421, 2424, 2446, 2453, 2455, 2458, 2459, 2462, 2481, 2489, 2509, 2519, 2528, 2531, 2549, 2553, 2574, 2575, 2580, 2587, 2588, 2598, 2601, 2612, 2615, 2631, 2634, 2657, 2658, 2661, 2662, 2663, 2667, 2670, 2678, 2682, 2694, 2696, 2705, 2708, 2709, 2711, 2724, 2741, 2742, 2743, 2751, 2754, 2758, 2772, 2784, 2786, 2787, 2788, 2789, 2799, 2818, 2821, 2823, 2830, 2834, 2835, 2843, 2844, 2846, 2848, 2864, 2875, 2877, 2879, 2882, 2883, 2894, 2903, 2906, 2910, 2911, 2913, 2923, 2926, 2927, 2928, 2931, 2935, 2950, 2961, 2967, 2971, 2975, 2982, 2985, 2987, 3003, 3009, 3012, 3014, 3016, 3026, 3031, 3039, 3049, 3059, 3060, 3072, 3078, 3082, 3121, 3122, 3123, 3127, 3129, 3132, 3139, 3144, 3158, 3163, 3166, 3179, 3182, 3186, 3193, 3195, 3205, 3232, 3255, 3269, 3272, 3274, 3278, 3303, 3304, 3313, 3318, 3322, 3323, 3334, 3335, 3342, 3350, 3352, 3356, 3361, 3368, 3372, 3374, 3383, 3384, 3393, 3394, 3396, 3412, 3415, 3425, 3434, 3435, 3453, 3463, 3465, 3475, 3484, 3485, 3488, 3489, 3491, 3495, 3497, 3499, 3503, 3509, 3519, 3530, 3533, 3535, 3541, 3543, 3546, 3552, 3560, 3567, 3568, 3574, 3580, 3584, 3586, 3587, 3594, 3598, 3599, 3603, 3605, 3608, 3612, 3614, 3617, 3619, 3620, 3627, 3630, 3633, 3636, 3637, 3648, 3659, 3663, 3673, 3676, 3677, 3678, 3685, 3686, 3690, 3691, 3694, 3696, 3698, 3700, 3701, 3705, 3708, 3710, 3711, 3713, 3715, 3720, 3721, 3725, 3730, 3733, 3737, 3738, 3743, 3746, 3748, 3751, 3752, 3760, 3762, 3763, 3764, 3766, 3767, 3768, 3771, 3772, 3781, 3787, 3788, 3791, 3796, 3802, 3804, 3810, 3812, 3815, 3819, 3820, 3821, 3822, 3825, 3826, 3827, 3828, 3830, 3834, 3841, 3847, 3852, 3856, 3857, 3859, 3861, 3862, 3865, 3866, 3868, 3871, 3875, 3876, 3882, 3885, 3886, 3888, 3891, 3894, 3895, 3898, 3901, 3902, 3905, 3907, 3909, 3912, 3913, 3916, 3918, 3919, 3922, 3924, 3930, 3931, 3933, 3936, 3940, 3943, 3944, 3947, 3949, 3950, 3953, 3958, 3959, 3960, 3961, 3964, 3965, 3967, 3969, 3974, 3977, 3978, 3981, 3982, 3984, 3986, 3987, 3988, 3989, 3990, 3991, 3992, 3993, 3994, 3995, 3997, 3998, 4001, 4002, 4003, 4004, 4005, 4007, 4008, 4009, 4010, 4012, 4013, 4014, 4016, 4017, 4018, 4019, 4020, 4021, 4023, 4025, 4026, 4027, 4028, 4029, 4030, 4032, 4033, 4034, 4035, 4036, 4037, 4038, 1393, 1680, 3320, 181, 275, 1615, 2924, 2676, 2727, 3999, 278, 465, 442, 2623, 2664, 3615, 4015, 2007, 2022, 854, 1273, 395, 529, 3896, 1307, 309, 1934, 1963, 127, 2690, 1666, 14, 326, 343, 3561, 3595, 3642, 3675, 3716, 3892, 3927, 3920, 3833, 3879, 3925, 3761, 3248, 3355, 3371, 3971, 3540, 3792, 3968, 3557, 3850, 3790, 3963, 2525, 2822, 2827, 2837, 2922, 2831, 204, 242, 346, 1795, 3952, 3727, 3735, 3836, 3809, 3621, 3498, 1790, 1799, 1800, 1802, 1803, 1809, 1813, 1816, 938, 1218, 1322, 1380, 1034, 1950, 1973, 3653, 2059, 2578, 2592, 2902, 2797, 2858, 2871, 2925, 2346, 2619, 2722, 2756]
Lunghezza di Tset: 967

